sensitivity=0.5
zoom_hotkey=Z
pan_hotkey=Space
throttle=0.01
preset1=0.5,-0.892399,0.369644,0.099046,0.239118,0
preset2=0.5,-0.892399,0.369644,0.099046,0.239118,0
preset3=0.5,-0.892399,0.369644,0.099046,0.239118,0
preset4=0.5,-0.892399,0.369644,0.099046,0.239118,0
preset5=0.5,-0.892399,0.369644,0.099046,0.239118,0
